
nature_palettes <- list(
  Banff = list(palette = c("#012D38", "#005162", "#377D89", "#A8CACB", "#B1D4E3", "#6FAFF6", "#0776DF", "#03325E"), name = "Banff National Park"),
  Yellowstone = list(palette = c("#064B6A", "#018BCC", "#7FD5A6", "#FBE97D", "#FFBD42", "#E55F06", "#CB520D"), name = "Yellowstone National Park"),
  Flowers = list(palette = c("#5186BB", "#00A9E8", "#9FE8E5", "#FFE8AE", "#FF90B2", "#A378EA", "#4D2CA8"), name = "Valley of Flowers National Park"),
  Sequoia = list(palette = c("#4F2D2B", "#8C5042", "#BF785E", "#A69440", "#B9BF11", "#45591B"), name = "Sequoia National Park"),
  Antartica = list(palette = c("#48A9CF", "#99A6BF", "#D0DCF2", "#D9CE9A", "#A6681C", "#0D0D0D"), name = "Antartica"),
  Antartica2 = list(palette = c("#8488A3", "#A4ACC3", "#DDD6AA", "#D0A932", "#953735"), name = "Antartica"),
  Amazonia = list(palette = c("#E03D2A", "#F97243", "#D9AD10", "#6D9B41", "#06246C", "#30C3E4", "#3B524A", "#92600B", "#201F1B"), name = "Amazon Rainforest"),
  Iceland = list(palette = c("#142E5F", "#3A5799", "#008DA3", "#98DEC6", "#46BE90", "#CDAED7", "#8771A2"), name = "Iceland"))